500000.0 20130901
500000.0 20130902
600082 118.0 20130902 529 -> 20130903 460 -8142.0
491858.0 20130903
491858.0 20130904
491858.0 20130905
491858.0 20130906
491858.0 20130909
600108 180.0 20130904 907 -> 20130910 906 -180.0
491678.0 20130910
600748 130.0 20130905 838 -> 20130911 1041 26390.0
601118 183.0 20130905 598 -> 20130911 732 24522.0
300256 82.0 20130905 1330 -> 20130911 1238 -7544.0
300085 31.0 20130910 882 -> 20130911 790 -2852.0
532194.0 20130911
600428 66.0 20130910 410 -> 20130912 410 0.0
000022 48.0 20130911 1479 -> 20130912 1391 -4224.0
002556 63.0 20130911 1130 -> 20130912 1089 -2583.0
525387.0 20130912
600320 402.0 20130912 435 -> 20130913 386 -19698.0
600628 204.0 20130912 855 -> 20130913 813 -8568.0
497121.0 20130913
002321 226.0 20130913 732 -> 20130916 668 -14464.0
002685 168.0 20130913 983 -> 20130916 883 -16800.0
465857.0 20130916
600012 366.0 20130916 424 -> 20130917 417 -2562.0
600327 289.0 20130916 536 -> 20130917 531 -1445.0
461850.0 20130917
461850.0 20130918
461850.0 20130923
300226 46.0 20130918 3304 -> 20130924 3219 -3910.0
457940.0 20130924
300247 279.0 20130923 550 -> 20130925 544 -1674.0
300330 46.0 20130924 1304 -> 20130925 1236 -3128.0
453138.0 20130925
600822 38.0 20130924 1600 -> 20130926 1575 -950.0
300246 26.0 20130924 2296 -> 20130926 2195 -2626.0
300028 68.0 20130925 969 -> 20130926 886 -5644.0
002024 51.0 20130925 1287 -> 20130926 1177 -5610.0
438308.0 20130926
300161 56.0 20130925 1182 -> 20130927 1191 504.0
600639 86.0 20130926 1693 -> 20130927 1370 -27778.0
411034.0 20130927
411034.0 20130930
411034.0 20131008
300251 21.0 20131008 3245 -> 20131009 3082 -3423.0
407611.0 20131009
600704 149.0 20130927 919 -> 20131010 990 10579.0
002071 24.0 20131008 2844 -> 20131010 2730 -2736.0
000681 11.0 20131009 1932 -> 20131010 1842 -990.0
414464.0 20131010
300191 13.0 20131009 1712 -> 20131011 1910 2574.0
900938 76.0 20131010 359 -> 20131011 325 -2584.0
414454.0 20131011
002514 129.0 20131011 832 -> 20131014 846 1806.0
416260.0 20131014
600185 27.0 20131009 830 -> 20131015 876 1242.0
417502.0 20131015
600359 127.0 20131011 851 -> 20131016 890 4953.0
600855 33.0 20131014 1088 -> 20131016 1069 -627.0
600833 48.0 20131015 1015 -> 20131016 911 -4992.0
002561 39.0 20131015 1249 -> 20131016 1129 -4680.0
412156.0 20131016
600825 78.0 20131008 869 -> 20131017 1038 13182.0
002697 218.0 20131011 495 -> 20131017 556 13298.0
600963 126.0 20131016 466 -> 20131017 453 -1638.0
000979 115.0 20131016 510 -> 20131017 464 -5290.0
431708.0 20131017
300200 66.0 20131016 890 -> 20131018 910 1320.0
600021 151.0 20131017 519 -> 20131018 491 -4228.0
000966 130.0 20131017 605 -> 20131018 581 -3120.0
002175 50.0 20131017 1561 -> 20131018 1469 -4600.0
421080.0 20131018
421080.0 20131021
000033 160.0 20131017 492 -> 20131022 485 -1120.0
419960.0 20131022
300325 245.0 20131018 572 -> 20131023 539 -8085.0
300262 41.0 20131021 1763 -> 20131023 1829 2706.0
600196 7.0 20131022 2018 -> 20131023 1833 -1295.0
413286.0 20131023
300056 37.0 20131016 1556 -> 20131024 1924 13616.0
000010 57.0 20131023 988 -> 20131024 947 -2337.0
424565.0 20131024
002127 235.0 20131024 600 -> 20131025 531 -16215.0
408350.0 20131025
300191 24.0 20131021 2997 -> 20131028 2868 -3096.0
405254.0 20131028
300283 62.0 20131023 902 -> 20131029 926 1488.0
600658 117.0 20131025 1155 -> 20131029 1060 -11115.0
395627.0 20131029
300249 62.0 20131023 913 -> 20131030 1002 5518.0
401145.0 20131030
000554 217.0 20131030 615 -> 20131031 612 -651.0
400494.0 20131031
400494.0 20131101
002473 77.0 20131101 1731 -> 20131104 1782 3927.0
404421.0 20131104
404421.0 20131105
404421.0 20131106
002476 167.0 20131101 799 -> 20131107 823 4008.0
408429.0 20131107
300179 63.0 20131106 854 -> 20131108 884 1890.0
300200 44.0 20131106 1210 -> 20131108 1134 -3344.0
002278 48.0 20131106 1114 -> 20131108 1122 384.0
002199 123.0 20131107 1000 -> 20131108 961 -4797.0
402562.0 20131108
402562.0 20131111
000096 188.0 20131107 657 -> 20131112 688 5828.0
408390.0 20131112
000968 144.0 20131108 930 -> 20131113 935 720.0
002201 206.0 20131112 659 -> 20131113 622 -7622.0
401488.0 20131113
401488.0 20131114
401488.0 20131115
300163 152.0 20131113 878 -> 20131118 982 15808.0
417296.0 20131118
300338 118.0 20131113 1126 -> 20131119 1377 29618.0
300010 13.0 20131118 1515 -> 20131119 1441 -962.0
300338 13.0 20131118 1414 -> 20131119 1377 -481.0
002352 7.0 20131118 2671 -> 20131119 2598 -511.0
002669 23.0 20131118 844 -> 20131119 810 -782.0
444178.0 20131119
300243 36.0 20131118 535 -> 20131120 554 684.0
002536 9.0 20131118 2035 -> 20131120 2050 135.0
444997.0 20131120
300304 39.0 20131115 1726 -> 20131121 1638 -3432.0
300344 30.0 20131118 644 -> 20131121 620 -720.0
002559 57.0 20131119 1398 -> 20131121 1340 -3306.0
002679 39.0 20131119 2041 -> 20131121 1994 -1833.0
435706.0 20131121
435706.0 20131122
600855 52.0 20131119 1517 -> 20131125 1632 5980.0
300299 39.0 20131122 1353 -> 20131125 1301 -2028.0
439658.0 20131125
439658.0 20131126
600225 78.0 20131122 677 -> 20131127 686 702.0
000514 261.0 20131125 464 -> 20131127 488 6264.0
446624.0 20131127
300191 56.0 20131121 2582 -> 20131128 3120 30128.0
600798 151.0 20131127 399 -> 20131128 391 -1208.0
475544.0 20131128
600724 122.0 20131127 493 -> 20131129 475 -2196.0
601018 223.0 20131127 270 -> 20131129 261 -2007.0
300342 29.0 20131127 2078 -> 20131129 2201 3567.0
474908.0 20131129
300321 16.0 20131127 3631 -> 20131202 4143 8192.0
300322 114.0 20131129 1381 -> 20131202 1282 -11286.0
471814.0 20131202
300319 116.0 20131202 1351 -> 20131203 1215 -15776.0
456038.0 20131203
300113 63.0 20131202 2490 -> 20131204 2330 -10080.0
300236 37.0 20131202 4225 -> 20131204 4193 -1184.0
444774.0 20131204
002681 46.0 20131204 3216 -> 20131205 2893 -14858.0
429916.0 20131205
600330 47.0 20131205 988 -> 20131206 897 -4277.0
600870 86.0 20131205 540 -> 20131206 529 -946.0
002644 24.0 20131205 1898 -> 20131206 1713 -4440.0
002668 18.0 20131205 2473 -> 20131206 2271 -3636.0
416617.0 20131206
300185 301.0 20131204 492 -> 20131209 536 13244.0
429861.0 20131209
429861.0 20131210
002651 84.0 20131206 1581 -> 20131211 1492 -7476.0
422385.0 20131211
002120 147.0 20131211 953 -> 20131212 897 -8232.0
414153.0 20131212
414153.0 20131213
000902 120.0 20131213 1144 -> 20131216 1100 -5280.0
408873.0 20131216
300191 36.0 20131216 3716 -> 20131217 3426 -10440.0
300223 37.0 20131216 3588 -> 20131217 3337 -9287.0
002617 88.0 20131216 1545 -> 20131217 1367 -15664.0
373482.0 20131217
300021 79.0 20131217 1174 -> 20131218 1130 -3476.0
002242 85.0 20131217 1090 -> 20131218 1056 -2890.0
367116.0 20131218
600688 274.0 20131217 340 -> 20131219 339 -274.0
366842.0 20131219
300276 150.0 20131217 621 -> 20131220 677 8400.0
002351 102.0 20131219 1190 -> 20131220 1102 -8976.0
366266.0 20131220
366266.0 20131223
366266.0 20131224
002424 38.0 20131224 3139 -> 20131225 2655 -18392.0
347874.0 20131225
300269 57.0 20131224 2106 -> 20131226 1965 -8037.0
339837.0 20131226
339837.0 20131227
300085 75.0 20131226 1496 -> 20131230 1432 -4800.0
335037.0 20131230
002577 67.0 20131226 1677 -> 20131231 1654 -1541.0
600203 133.0 20131230 818 -> 20131231 814 -532.0
332964.0 20131231
332964.0 20140102
300112 150.0 20131226 755 -> 20140103 999 36600.0
300112 55.0 20131231 996 -> 20140103 999 165.0
300293 38.0 20131231 1437 -> 20140103 1399 -1444.0
368285.0 20140103
300201 93.0 20131231 589 -> 20140106 629 3720.0
300247 190.0 20140103 645 -> 20140106 585 -11400.0
360605.0 20140106
002071 26.0 20140102 2130 -> 20140107 2362 6032.0
300209 38.0 20140106 1575 -> 20140107 1460 -4370.0
362267.0 20140107
362267.0 20140108
362267.0 20140109
601231 23.0 20140106 2580 -> 20140110 2519 -1403.0
300301 48.0 20140106 1262 -> 20140110 1224 -1824.0
359040.0 20140110
600228 87.0 20140109 1376 -> 20140113 1244 -11484.0
347556.0 20140113
347556.0 20140114
347556.0 20140115
600797 199.0 20140110 599 -> 20140116 607 1592.0
349148.0 20140116
349148.0 20140117
349148.0 20140120
349148.0 20140121
002577 49.0 20140115 2359 -> 20140122 3010 31899.0
381047.0 20140122
300089 58.0 20140121 1342 -> 20140123 1418 4408.0
002071 26.0 20140121 2930 -> 20140123 3246 8216.0
002577 23.0 20140122 3221 -> 20140123 3049 -3956.0
389715.0 20140123
002027 111.0 20140121 700 -> 20140124 825 13875.0
403590.0 20140124
600037 58.0 20140123 883 -> 20140127 846 -2146.0
300097 25.0 20140123 2068 -> 20140127 2163 2375.0
300280 36.0 20140123 1419 -> 20140127 1556 4932.0
002605 40.0 20140123 1278 -> 20140127 1238 -1600.0
000829 52.0 20140124 953 -> 20140127 915 -1976.0
405175.0 20140127
002555 11.0 20140124 4195 -> 20140128 3875 -3520.0
600661 35.0 20140127 1848 -> 20140128 1713 -4725.0
396930.0 20140128
300359 16.0 20140123 3105 -> 20140129 3575 7520.0
300370 23.0 20140127 2786 -> 20140129 2515 -6233.0
002240 25.0 20140128 2185 -> 20140129 2046 -3475.0
394742.0 20140129
000961 70.0 20140124 699 -> 20140130 795 6720.0
002048 59.0 20140127 1087 -> 20140130 1077 -590.0
600390 55.0 20140128 1015 -> 20140130 1026 605.0
300372 52.0 20140129 2495 -> 20140130 2090 -21060.0
380417.0 20140130
300226 11.0 20140128 5128 -> 20140207 5288 1760.0
382177.0 20140207
300012 42.0 20140130 2527 -> 20140210 2408 -4998.0
377179.0 20140210
002196 23.0 20140207 1296 -> 20140211 1380 1932.0
601519 42.0 20140210 818 -> 20140211 800 -756.0
378355.0 20140211
000416 132.0 20140130 813 -> 20140212 863 6600.0
300034 21.0 20140210 1624 -> 20140212 1653 609.0
600699 5.0 20140211 2680 -> 20140212 2595 -425.0
000733 13.0 20140211 1058 -> 20140212 1058 0.0
385139.0 20140212
300114 6.0 20140211 2120 -> 20140213 1990 -780.0
000762 11.0 20140211 1253 -> 20140213 1189 -704.0
002432 8.0 20140211 1753 -> 20140213 1660 -744.0
300245 7.0 20140212 2146 -> 20140213 1976 -1190.0
000559 22.0 20140212 674 -> 20140213 652 -484.0
002354 2.0 20140212 5438 -> 20140213 4994 -888.0
380349.0 20140213
000868 34.0 20140212 435 -> 20140214 434 -34.0
002213 12.0 20140212 1246 -> 20140214 1283 444.0
002466 3.0 20140212 4565 -> 20140214 4488 -231.0
380528.0 20140214
600130 28.0 20140212 527 -> 20140217 598 1988.0
300076 10.0 20140212 1516 -> 20140217 1618 1020.0
600751 24.0 20140213 674 -> 20140217 650 -576.0
382960.0 20140217
300367 7.0 20140207 3964 -> 20140218 5480 10612.0
300382 2.0 20140211 5880 -> 20140218 6430 1100.0
394672.0 20140218
300381 52.0 20140130 2065 -> 20140219 2685 32240.0
600422 5.0 20140212 2672 -> 20140219 2825 765.0
002721 6.0 20140213 2410 -> 20140219 2820 2460.0
603005 3.0 20140218 4425 -> 20140219 4333 -276.0
300008 9.0 20140218 1715 -> 20140219 1637 -702.0
000811 9.0 20140218 1568 -> 20140219 1508 -540.0
002531 9.0 20140218 1645 -> 20140219 1565 -720.0
427899.0 20140219
600225 22.0 20140213 735 -> 20140220 743 176.0
000897 28.0 20140213 579 -> 20140220 633 1512.0
002684 21.0 20140214 1909 -> 20140220 2217 6468.0
002605 9.0 20140218 1707 -> 20140220 1620 -783.0
600550 119.0 20140219 520 -> 20140220 484 -4284.0
000521 91.0 20140219 674 -> 20140220 644 -2730.0
002684 26.0 20140219 2311 -> 20140220 2217 -2444.0
425814.0 20140220
002725 6.0 20140212 2360 -> 20140221 3275 5490.0
002503 14.0 20140218 1058 -> 20140221 1117 826.0
002716 6.0 20140218 2487 -> 20140221 2565 468.0
432598.0 20140221
002723 8.0 20140213 2070 -> 20140224 2596 4208.0
002723 6.0 20140218 2559 -> 20140224 2596 222.0
437028.0 20140224
300069 40.0 20140219 1525 -> 20140225 1515 -400.0
436628.0 20140225
300226 25.0 20140224 5765 -> 20140226 5578 -4675.0
002390 66.0 20140224 2197 -> 20140226 2396 13134.0
445087.0 20140226
002432 26.0 20140225 2500 -> 20140227 2340 -4160.0
600080 105.0 20140226 1147 -> 20140227 1158 1155.0
300062 108.0 20140226 1122 -> 20140227 1080 -4536.0
437546.0 20140227
437546.0 20140228
000554 91.0 20140228 825 -> 20140303 877 4732.0
442278.0 20140303
000681 31.0 20140228 2362 -> 20140304 2347 -465.0
441813.0 20140304
600405 94.0 20140228 797 -> 20140305 846 4606.0
300372 6.0 20140304 3062 -> 20140305 2738 -1944.0
002716 6.0 20140304 3029 -> 20140305 2909 -720.0
443755.0 20140305
300297 9.0 20140304 2126 -> 20140306 2091 -315.0
443440.0 20140306
300375 5.0 20140304 3456 -> 20140307 3223 -1165.0
603308 33.0 20140305 1492 -> 20140307 1403 -2937.0
439338.0 20140307
002722 11.0 20140213 1477 -> 20140310 3485 22088.0
002722 46.0 20140226 2592 -> 20140310 3485 41078.0
600680 13.0 20140304 1483 -> 20140310 1827 4472.0
002035 135.0 20140306 1088 -> 20140310 1083 -675.0
300286 6.0 20140307 3680 -> 20140310 3389 -1746.0
504555.0 20140310
300362 19.0 20140305 2598 -> 20140311 2665 1273.0
505828.0 20140311
000906 109.0 20140311 1533 -> 20140312 1281 -27468.0
002362 84.0 20140311 2000 -> 20140312 1890 -9240.0
469120.0 20140312
469120.0 20140313
469120.0 20140314
469120.0 20140317
600603 234.0 20140312 668 -> 20140318 735 15678.0
300266 43.0 20140317 3581 -> 20140318 3430 -6493.0
478305.0 20140318
478305.0 20140319
600760 166.0 20140319 717 -> 20140320 688 -4814.0
473491.0 20140320
300030 82.0 20140319 1448 -> 20140321 1416 -2624.0
000948 115.0 20140319 1038 -> 20140321 992 -5290.0
465577.0 20140321
600776 44.0 20140321 1294 -> 20140324 1225 -3036.0
462541.0 20140324
002669 128.0 20140319 931 -> 20140325 917 -1792.0
600069 278.0 20140320 418 -> 20140325 398 -5560.0
600480 66.0 20140321 867 -> 20140325 924 3762.0
002442 111.0 20140321 518 -> 20140325 521 333.0
459284.0 20140325
000687 239.0 20140325 560 -> 20140326 537 -5497.0
453787.0 20140326
600340 47.0 20140325 2836 -> 20140327 2878 1974.0
600322 328.0 20140326 395 -> 20140327 367 -9184.0
446577.0 20140327
600791 271.0 20140327 548 -> 20140328 531 -4607.0
441970.0 20140328
600155 76.0 20140321 750 -> 20140331 873 9348.0
000029 324.0 20140325 413 -> 20140331 450 11988.0
463306.0 20140331
463306.0 20140401
463306.0 20140402
463306.0 20140403
463306.0 20140404
463306.0 20140408
463306.0 20140409
002723 54.0 20140403 2846 -> 20140410 2937 4914.0
600980 2.0 20140409 1480 -> 20140410 1437 -86.0
468134.0 20140410
002715 62.0 20140404 2464 -> 20140411 2636 10664.0
002722 50.0 20140404 3066 -> 20140411 3072 300.0
479098.0 20140411
002088 135.0 20140411 1180 -> 20140414 1113 -9045.0
470053.0 20140414
600396 300.0 20140411 531 -> 20140415 490 -12300.0
300362 61.0 20140411 2580 -> 20140415 2427 -9333.0
448420.0 20140415
448420.0 20140416
448420.0 20140417
002207 133.0 20140416 1122 -> 20140418 1110 -1596.0
600870 186.0 20140417 802 -> 20140418 728 -13764.0
601000 242.0 20140417 617 -> 20140418 539 -18876.0
414184.0 20140418
414184.0 20140421
002181 73.0 20140418 1885 -> 20140422 1758 -9271.0
002681 50.0 20140418 2724 -> 20140422 2546 -8900.0
396013.0 20140422
396013.0 20140423
396013.0 20140424
300249 108.0 20140424 1212 -> 20140425 1119 -10044.0
385969.0 20140425
385969.0 20140428
385969.0 20140429
385969.0 20140430
385969.0 20140505
385969.0 20140506
600279 108.0 20140506 1191 -> 20140507 1114 -8316.0
377653.0 20140507
377653.0 20140508
002617 47.0 20140507 2645 -> 20140509 2428 -10199.0
367454.0 20140509
367454.0 20140512
002122 255.0 20140509 479 -> 20140513 459 -5100.0
600234 111.0 20140512 1100 -> 20140513 1056 -4884.0
600432 73.0 20140512 1665 -> 20140513 1669 292.0
357762.0 20140513
357762.0 20140514
600188 153.0 20140514 778 -> 20140515 737 -6273.0
351489.0 20140515
000426 137.0 20140514 869 -> 20140516 843 -3562.0
347927.0 20140516
300368 50.0 20140515 2310 -> 20140519 2324 700.0
300237 50.0 20140516 2317 -> 20140519 2167 -7500.0
341127.0 20140519
341127.0 20140520
341127.0 20140521
600160 222.0 20140516 522 -> 20140522 528 1332.0
342459.0 20140522
300264 124.0 20140521 910 -> 20140523 865 -5580.0
336879.0 20140523
000505 255.0 20140523 440 -> 20140526 436 -1020.0
335859.0 20140526
300379 9.0 20140522 5846 -> 20140527 5965 1071.0
300380 16.0 20140522 3440 -> 20140527 3395 -720.0
002279 29.0 20140522 1930 -> 20140527 1885 -1305.0
334905.0 20140527
334905.0 20140528
334905.0 20140529
334905.0 20140530
002307 181.0 20140528 614 -> 20140603 651 6697.0
000972 294.0 20140529 379 -> 20140603 380 294.0
341896.0 20140603
600756 65.0 20140530 1700 -> 20140604 1886 12090.0
353986.0 20140604
353986.0 20140605
002700 50.0 20140603 2261 -> 20140606 2380 5950.0
300324 53.0 20140604 2210 -> 20140606 2147 -3339.0
300191 23.0 20140605 2682 -> 20140606 2602 -1840.0
000703 84.0 20140605 733 -> 20140606 694 -3276.0
351481.0 20140606
351481.0 20140609
351481.0 20140610
351481.0 20140611
351481.0 20140612
351481.0 20140613
351481.0 20140616
600476 93.0 20140616 1258 -> 20140617 1190 -6324.0
345157.0 20140617
600506 102.0 20140617 1118 -> 20140618 1094 -2448.0
300112 121.0 20140617 946 -> 20140618 890 -6776.0
335933.0 20140618
600410 93.0 20140618 1204 -> 20140619 1077 -11811.0
324122.0 20140619
000511 149.0 20140619 698 -> 20140620 638 -8940.0
315182.0 20140620
315182.0 20140623
600516 115.0 20140619 903 -> 20140624 907 460.0
315642.0 20140624
315642.0 20140625
315642.0 20140626
315642.0 20140627
002067 402.0 20140617 286 -> 20140630 453 67134.0
002114 106.0 20140624 987 -> 20140630 1158 18126.0
400902.0 20140630
000509 3.0 20140627 505 -> 20140701 555 150.0
600790 41.0 20140630 928 -> 20140701 875 -2173.0
300329 22.0 20140630 1758 -> 20140701 1720 -836.0
000886 87.0 20140630 445 -> 20140701 421 -2088.0
395955.0 20140701
002190 4.0 20140625 4936 -> 20140702 5705 3076.0
002192 12.0 20140625 1879 -> 20140702 2405 6312.0
002067 84.0 20140630 460 -> 20140702 444 -1344.0
403999.0 20140702
600071 25.0 20140625 950 -> 20140703 1365 10375.0
300333 10.0 20140625 2356 -> 20140703 2646 2900.0
300380 8.0 20140630 4733 -> 20140703 5125 3136.0
420410.0 20140703
000881 108.0 20140701 708 -> 20140704 690 -1944.0
600510 85.0 20140703 613 -> 20140704 563 -4250.0
414216.0 20140704
000958 184.0 20140702 730 -> 20140707 773 7912.0
002338 15.0 20140703 3455 -> 20140707 3335 -1800.0
600017 367.0 20140704 310 -> 20140707 282 -10276.0
002548 142.0 20140704 802 -> 20140707 817 2130.0
412182.0 20140707
412182.0 20140708
002190 20.0 20140708 6750 -> 20140709 6465 -5700.0
406482.0 20140709
600070 180.0 20140707 763 -> 20140710 746 -3060.0
403422.0 20140710
300385 28.0 20140710 4801 -> 20140711 5420 17332.0
420754.0 20140711
600501 55.0 20140711 1288 -> 20140714 1329 2255.0
002425 56.0 20140711 1260 -> 20140714 1204 -3136.0
002633 26.0 20140711 2717 -> 20140714 2600 -3042.0
416831.0 20140714
416831.0 20140715
600152 130.0 20140714 720 -> 20140716 701 -2470.0
600169 164.0 20140715 380 -> 20140716 337 -7052.0
600399 43.0 20140715 1433 -> 20140716 1225 -8944.0
600418 50.0 20140715 1250 -> 20140716 1183 -3350.0
395015.0 20140716
600435 86.0 20140709 1575 -> 20140717 1724 12814.0
600303 97.0 20140716 535 -> 20140717 469 -6402.0
002062 109.0 20140716 475 -> 20140717 422 -5777.0
002225 78.0 20140716 664 -> 20140717 617 -3666.0
391984.0 20140717
391984.0 20140718
391984.0 20140721
600071 85.0 20140721 1526 -> 20140722 1514 -1020.0
390964.0 20140722
600767 167.0 20140718 780 -> 20140723 930 25050.0
002066 130.0 20140722 998 -> 20140723 959 -5070.0
410944.0 20140723
002274 156.0 20140723 875 -> 20140724 811 -9984.0
400960.0 20140724
400960.0 20140725
600262 36.0 20140725 1869 -> 20140728 1825 -1584.0
399376.0 20140728
600595 280.0 20140724 476 -> 20140729 506 8400.0
407776.0 20140729
002114 97.0 20140724 1368 -> 20140730 1773 39285.0
002114 20.0 20140729 1770 -> 20140730 1773 60.0
447121.0 20140730
300087 141.0 20140728 940 -> 20140731 1006 9306.0
456427.0 20140731
600531 28.0 20140729 1260 -> 20140801 1298 1064.0
000585 120.0 20140729 296 -> 20140801 356 7200.0
600435 27.0 20140730 2245 -> 20140801 2232 -351.0
000050 37.0 20140730 1639 -> 20140801 1630 -333.0
002640 28.0 20140731 3050 -> 20140801 2812 -6664.0
457343.0 20140801
600071 52.0 20140731 1670 -> 20140804 1686 832.0
458175.0 20140804
000617 139.0 20140801 1010 -> 20140805 949 -8479.0
603009 56.0 20140804 2686 -> 20140805 2488 -11088.0
438608.0 20140805
600789 211.0 20140805 690 -> 20140806 655 -7385.0
431223.0 20140806
600239 210.0 20140806 545 -> 20140807 518 -5670.0
600698 200.0 20140806 570 -> 20140807 557 -2600.0
422953.0 20140807
600310 86.0 20140806 1330 -> 20140808 1238 -7912.0
600408 336.0 20140807 328 -> 20140808 309 -6384.0
408657.0 20140808
408657.0 20140811
408657.0 20140812
408657.0 20140813
002057 74.0 20140813 1250 -> 20140814 1202 -3552.0
405105.0 20140814
600157 55.0 20140814 538 -> 20140815 511 -1485.0
002640 8.0 20140814 3700 -> 20140815 3810 880.0
404500.0 20140815
404500.0 20140818
000958 97.0 20140813 945 -> 20140819 987 4074.0
408574.0 20140819
000509 51.0 20140814 580 -> 20140820 611 1581.0
002094 13.0 20140818 1525 -> 20140820 1475 -650.0
002148 8.0 20140818 2410 -> 20140820 2422 96.0
409601.0 20140820
000585 50.0 20140818 398 -> 20140821 425 1350.0
600152 33.0 20140820 985 -> 20140821 929 -1848.0
600988 27.0 20140820 1213 -> 20140821 1264 1377.0
002043 66.0 20140820 503 -> 20140821 479 -1584.0
408896.0 20140821
600119 95.0 20140812 1429 -> 20140822 1754 30875.0
600119 12.0 20140821 1805 -> 20140822 1754 -612.0
603609 14.0 20140821 1500 -> 20140822 1487 -182.0
000979 50.0 20140821 445 -> 20140822 421 -1200.0
002070 21.0 20140821 1040 -> 20140822 942 -2058.0
002625 20.0 20140821 1088 -> 20140822 1031 -1140.0
434579.0 20140822
434579.0 20140825
603000 7.0 20140820 4195 -> 20140826 4438 1701.0
600476 28.0 20140825 1993 -> 20140826 1924 -1932.0
600825 46.0 20140825 1238 -> 20140826 1191 -2162.0
300359 6.0 20140825 9221 -> 20140826 9150 -426.0
431760.0 20140826
431760.0 20140827
600317 487.0 20140822 297 -> 20140828 344 22889.0
300356 41.0 20140826 2430 -> 20140828 2500 2870.0
002640 21.0 20140826 4619 -> 20140828 4509 -2310.0
600069 1.0 20140827 495 -> 20140828 461 -34.0
600982 1.0 20140827 713 -> 20140828 705 -8.0
455167.0 20140828
000692 238.0 20140828 514 -> 20140829 462 -12376.0
002078 284.0 20140828 430 -> 20140829 393 -10508.0
432283.0 20140829
600537 80.0 20140828 1526 -> 20140829 1568 3360.0
600117 330.0 20140829 436 -> 20140829 428 -2640.0
433003.0 20140829
[Finished in 777.9s]