500000.0 20100101
500000.0 20100104
500000.0 20100105
500000.0 20100106
500000.0 20100107
500000.0 20100108
500000.0 20100111
507965.0 20100112
507965.0 20100113
505373.0 20100114
505373.0 20100115
505373.0 20100118
527209.0 20100119
527209.0 20100120
527209.0 20100121
528445.0 20100122
527137.0 20100125
527137.0 20100126
528905.0 20100127
528905.0 20100128
528905.0 20100129
528905.0 20100201
531185.0 20100202
531185.0 20100203
531185.0 20100204
526742.0 20100205
515032.0 20100208
497211.0 20100209
491689.0 20100210
482600.0 20100211
482600.0 20100212
482600.0 20100222
482600.0 20100223
482600.0 20100224
482600.0 20100225
482600.0 20100226
482600.0 20100301
482910.0 20100302
483918.0 20100303
483918.0 20100304
483918.0 20100305
476974.0 20100308
476974.0 20100309
476974.0 20100310
470980.0 20100311
470980.0 20100312
470980.0 20100315
470980.0 20100316
470980.0 20100317
470980.0 20100318
470980.0 20100319
470980.0 20100322
471550.0 20100323
474727.0 20100324
474727.0 20100325
467015.0 20100326
469355.0 20100329
476865.0 20100330
476865.0 20100331
476865.0 20100401
476865.0 20100402
522699.0 20100406
522699.0 20100407
522699.0 20100408
522699.0 20100409
522699.0 20100412
522699.0 20100413
514374.0 20100414
528718.0 20100415
528718.0 20100416
519499.0 20100419
519499.0 20100420
519499.0 20100421
519499.0 20100422
509622.0 20100423
524427.0 20100426
524427.0 20100427
524427.0 20100428
518863.0 20100429
518863.0 20100430
518863.0 20100504
518863.0 20100505
518863.0 20100506
518863.0 20100507
518863.0 20100510
518863.0 20100511
518863.0 20100512
518863.0 20100513
518863.0 20100514
518863.0 20100517
511981.0 20100518
511981.0 20100519
518421.0 20100520
518421.0 20100521
518421.0 20100524
518421.0 20100525
535381.0 20100526
535381.0 20100527
529067.0 20100528
532742.0 20100531
533158.0 20100601
528058.0 20100602
546843.0 20100603
546843.0 20100604
546843.0 20100607
546843.0 20100608
539759.0 20100609
535951.0 20100610
531661.0 20100611
526870.0 20100617
526870.0 20100618
526870.0 20100621
526870.0 20100622
526870.0 20100623
506280.0 20100624
506280.0 20100625
506280.0 20100628
506280.0 20100629
506280.0 20100630
506280.0 20100701
506280.0 20100702
506280.0 20100705
506280.0 20100706
506280.0 20100707
506280.0 20100708
506280.0 20100709
551802.0 20100712
590193.0 20100713
591129.0 20100714
575225.0 20100715
575225.0 20100716
575225.0 20100719
575225.0 20100720
575225.0 20100721
578843.0 20100722
573968.0 20100723
573968.0 20100726
585447.0 20100727
585447.0 20100728
592077.0 20100729
592077.0 20100730
592077.0 20100802
603068.0 20100803
603068.0 20100804
601968.0 20100805
601968.0 20100806
601968.0 20100809
601968.0 20100810
601968.0 20100811
592123.0 20100812
592123.0 20100813
592123.0 20100816
584071.0 20100817
584071.0 20100818
563479.0 20100819
563479.0 20100820
563479.0 20100823
611612.0 20100824
627212.0 20100825
618152.0 20100826
618152.0 20100827
618152.0 20100830
618152.0 20100831
617400.0 20100901
621140.0 20100902
621140.0 20100903
615701.0 20100906
602600.0 20100907
601973.0 20100908
601973.0 20100909
634133.0 20100910
634133.0 20100913
625062.0 20100914
649672.0 20100915
677994.0 20100916
677994.0 20100917
677994.0 20100920
677994.0 20100921
677994.0 20100927
677994.0 20100928
674484.0 20100929
670152.0 20100930
670152.0 20101008
670152.0 20101011
664092.0 20101012
660066.0 20101013
665566.0 20101014
665566.0 20101015
670923.0 20101018
683830.0 20101019
683830.0 20101020
741076.0 20101021
750787.0 20101022
751024.0 20101025
751024.0 20101026
747084.0 20101027
784947.0 20101028
785847.0 20101029
785847.0 20101101
812601.0 20101102
777009.0 20101103
777009.0 20101104
777009.0 20101105
825744.0 20101108
818364.0 20101109
818364.0 20101110
783829.0 20101111
795529.0 20101112
795529.0 20101115
763679.0 20101116
763679.0 20101117
737414.0 20101118
737414.0 20101119
737414.0 20101122
737208.0 20101123
729680.0 20101124
722411.0 20101125
727568.0 20101126
756730.0 20101129
756567.0 20101130
743172.0 20101201
752141.0 20101202
737261.0 20101203
737261.0 20101206
729087.0 20101207
736566.0 20101208
736566.0 20101209
736566.0 20101210
736566.0 20101213
736566.0 20101214
736566.0 20101215
777172.0 20101216
777172.0 20101217
777172.0 20101220
777172.0 20101221
784114.0 20101222
784114.0 20101223
784114.0 20101224
784114.0 20101227
784114.0 20101228
784114.0 20101229
784114.0 20101230
784114.0 20101231
784114.0 20110104
784114.0 20110105
784114.0 20110106
768553.0 20110107
752828.0 20110110
752828.0 20110111
740468.0 20110112
740468.0 20110113
740468.0 20110114
740468.0 20110117
740468.0 20110118
740468.0 20110119
740468.0 20110120
740468.0 20110121
740468.0 20110124
740468.0 20110125
740468.0 20110126
740468.0 20110127
740468.0 20110128
740468.0 20110131
757748.0 20110201
757748.0 20110209
790803.0 20110210
790803.0 20110211
781639.0 20110214
783883.0 20110215
783387.0 20110216
774072.0 20110217
784617.0 20110218
784617.0 20110221
781796.0 20110222
781796.0 20110223
774152.0 20110224
769952.0 20110225
769952.0 20110228
769952.0 20110301
768008.0 20110302
796288.0 20110303
796288.0 20110304
793327.0 20110307
786892.0 20110308
786892.0 20110309
786892.0 20110310
786892.0 20110311
766840.0 20110314
766840.0 20110315
773710.0 20110316
773710.0 20110317
797942.0 20110318
783766.0 20110321
783766.0 20110322
783766.0 20110323
783766.0 20110324
783766.0 20110325
782944.0 20110328
765248.0 20110329
760468.0 20110330
755048.0 20110331
739304.0 20110401
735432.0 20110406
739388.0 20110407
739388.0 20110408
739388.0 20110411
784120.0 20110412
784120.0 20110413
801225.0 20110414
798585.0 20110415
798585.0 20110418
815019.0 20110419
815019.0 20110420
839785.0 20110421
833809.0 20110422
785265.0 20110425
773547.0 20110426
773547.0 20110427
750593.0 20110428
750593.0 20110429
750593.0 20110503
750593.0 20110504
750593.0 20110505
750593.0 20110506
750593.0 20110509
750593.0 20110510
750593.0 20110511
767679.0 20110512
767679.0 20110513
767679.0 20110516
767679.0 20110517
810060.0 20110518
810060.0 20110519
797220.0 20110520
797220.0 20110523
782133.0 20110524
782133.0 20110525
766878.0 20110526
784420.0 20110527
717887.0 20110530
717887.0 20110531
717887.0 20110601
717887.0 20110602
717887.0 20110603
726230.0 20110607
726230.0 20110608
720040.0 20110609
747340.0 20110610
747340.0 20110613
783112.0 20110614
783112.0 20110615
774727.0 20110616
774727.0 20110617
774727.0 20110620
774727.0 20110621
774727.0 20110622
765514.0 20110623
765514.0 20110624
765514.0 20110627
780440.0 20110628
780440.0 20110629
822729.0 20110630
824029.0 20110701
827125.0 20110704
832996.0 20110705
838748.0 20110706
838748.0 20110707
841738.0 20110708
841738.0 20110711
841738.0 20110712
835953.0 20110713
835953.0 20110714
835953.0 20110715
835953.0 20110718
835953.0 20110719
825847.0 20110720
825847.0 20110721
825847.0 20110722
825847.0 20110725
825847.0 20110726
829943.0 20110727
829943.0 20110728
829943.0 20110729
829943.0 20110801
817631.0 20110802
814605.0 20110803
787449.0 20110804
787449.0 20110805
761949.0 20110808
761949.0 20110809
761949.0 20110810
799149.0 20110811
799149.0 20110812
799149.0 20110815
854734.0 20110816
854734.0 20110817
854734.0 20110818
868174.0 20110819
868174.0 20110822
868174.0 20110823
868174.0 20110824
888084.0 20110825
888084.0 20110826
881130.0 20110829
881130.0 20110830
881130.0 20110831
881130.0 20110901
881130.0 20110902
881130.0 20110905
881130.0 20110906
881130.0 20110907
881130.0 20110908
881130.0 20110909
881130.0 20110913
881130.0 20110914
874760.0 20110915
874760.0 20110916
874760.0 20110919
874760.0 20110920
874760.0 20110921
874760.0 20110922
874760.0 20110923
874760.0 20110926
874760.0 20110927
874760.0 20110928
808243.0 20110929
808243.0 20110930
808243.0 20111010
808243.0 20111011
808243.0 20111012
821887.0 20111013
821887.0 20111014
821887.0 20111017
816453.0 20111018
777141.0 20111019
777141.0 20111020
754205.0 20111021
754205.0 20111024
754205.0 20111025
754205.0 20111026
754205.0 20111027
754205.0 20111028
782085.0 20111031
787838.0 20111101
787838.0 20111102
795318.0 20111103
799254.0 20111104
823648.0 20111107
811576.0 20111108
811576.0 20111109
811576.0 20111110
823292.0 20111111
823292.0 20111114
865796.0 20111115
874196.0 20111116
874434.0 20111117
874434.0 20111118
874434.0 20111121
874434.0 20111122
874434.0 20111123
874434.0 20111124
874434.0 20111125
874434.0 20111128
874434.0 20111129
874434.0 20111130
874434.0 20111201
874434.0 20111202
874434.0 20111205
874434.0 20111206
874434.0 20111207
874434.0 20111208
874434.0 20111209
874434.0 20111212
874434.0 20111213
877344.0 20111214
877344.0 20111215
877344.0 20111216
877344.0 20111219
877344.0 20111220
877344.0 20111221
877344.0 20111222
886331.0 20111223
886331.0 20111226
886331.0 20111227
886331.0 20111228
874279.0 20111229
863865.0 20111230
856260.0 20120104
856260.0 20120105
856260.0 20120106
856260.0 20120109
856260.0 20120110
856260.0 20120111
856260.0 20120112
855231.0 20120113
827164.0 20120116
827164.0 20120117
827164.0 20120118
827164.0 20120119
905660.0 20120120
902516.0 20120130
902516.0 20120131
898331.0 20120201
898331.0 20120202
898331.0 20120203
898331.0 20120206
898331.0 20120207
898331.0 20120208
898331.0 20120209
902801.0 20120210
960865.0 20120213
960865.0 20120214
1026913.0 20120215
1026913.0 20120216
1055028.0 20120217
1050778.0 20120220
1050778.0 20120221
1050778.0 20120222
1066240.0 20120223
1061018.0 20120224
1053857.0 20120227
1040713.0 20120228
1002193.0 20120229
1002193.0 20120301
1026385.0 20120302
1026385.0 20120305
1026385.0 20120306
1026385.0 20120307
1026385.0 20120308
1026385.0 20120309
1031985.0 20120312
1031985.0 20120313
1039927.0 20120314
1044290.0 20120315
1044290.0 20120316
1035490.0 20120319
1011988.0 20120320
1011988.0 20120321
1011988.0 20120322
1011988.0 20120323
1011988.0 20120326
1011988.0 20120327
1011988.0 20120328
990026.0 20120329
990026.0 20120330
990026.0 20120405
990026.0 20120406
990026.0 20120409
990026.0 20120410
990026.0 20120411
990026.0 20120412
1012256.0 20120413
997330.0 20120416
951920.0 20120417
951920.0 20120418
942392.0 20120419
942392.0 20120420
942392.0 20120423
942392.0 20120424
976844.0 20120425
1068236.0 20120426
1059787.0 20120427
1045998.0 20120502
1190011.0 20120503
1191799.0 20120504
1191799.0 20120507
1198799.0 20120508
1190063.0 20120509
1165679.0 20120510
1165679.0 20120511
1165679.0 20120514
1105070.0 20120515
1076308.0 20120516
1076308.0 20120517
1076308.0 20120518
1039639.0 20120521
996222.0 20120522
996222.0 20120523
996222.0 20120524
1011857.0 20120525
1011857.0 20120528
1011857.0 20120529
1011857.0 20120530
1067651.0 20120531
1052743.0 20120601
1040923.0 20120604
1022929.0 20120605
1022929.0 20120606
1022929.0 20120607
1011229.0 20120608
1011229.0 20120611
1011229.0 20120612
1031158.0 20120613
1031158.0 20120614
1037392.0 20120615
1039408.0 20120618
1039408.0 20120619
1026332.0 20120620
1030292.0 20120621
1006236.0 20120625
1006236.0 20120626
985116.0 20120627
985116.0 20120628
1068560.0 20120629
1068560.0 20120702
1072585.0 20120703
1091509.0 20120704
1091509.0 20120705
1081039.0 20120706
1081039.0 20120709
1064514.0 20120710
1052634.0 20120711
1052634.0 20120712
1070556.0 20120713
1070556.0 20120716
1070556.0 20120717
1070556.0 20120718
1078696.0 20120719
1078696.0 20120720
1072093.0 20120723
1065029.0 20120724
1094371.0 20120725
1084098.0 20120726
1076390.0 20120727
1076390.0 20120730
1076390.0 20120731
1099030.0 20120801
1099030.0 20120802
1120260.0 20120803
1120260.0 20120806
1112296.0 20120807
1108019.0 20120808
1125112.0 20120809
1177687.0 20120810
1169557.0 20120813
1167310.0 20120814
1146120.0 20120815
1143360.0 20120816
1143360.0 20120817
1131304.0 20120820
1131304.0 20120821
1154946.0 20120822
1154946.0 20120823
1133189.0 20120824
1334804.0 20120827
1335773.0 20120828
1340323.0 20120829
1331841.0 20120830
1331841.0 20120831
1331841.0 20120903
1348484.0 20120904
1353200.0 20120905
1413206.0 20120906
1413206.0 20120907
1413206.0 20120910
1408694.0 20120911
1393444.0 20120912
1354555.0 20120913
1364306.0 20120914
1364306.0 20120917
1406011.0 20120918
1406011.0 20120919
1406011.0 20120920
1391713.0 20120921
1391713.0 20120924
1391713.0 20120925
1391713.0 20120926
1391713.0 20120927
1391713.0 20120928
1391713.0 20121008
1391713.0 20121009
1391713.0 20121010
1330788.0 20121011
1270505.0 20121012
1270505.0 20121015
1274455.0 20121016
1263715.0 20121017
1272899.0 20121018
1279559.0 20121019
1279559.0 20121022
1355241.0 20121023
1331613.0 20121024
1378105.0 20121025
1345997.0 20121026
1311427.0 20121029
1311427.0 20121030
1311427.0 20121031
1311427.0 20121101
1311427.0 20121102
1286202.0 20121105
1283797.0 20121106
1383723.0 20121107
1348487.0 20121108
1300917.0 20121109
1300917.0 20121112
1300917.0 20121113
1300917.0 20121114
1292022.0 20121115
1292022.0 20121116
1292022.0 20121119
1292022.0 20121120
1292022.0 20121121
1268586.0 20121122
1228914.0 20121123
1228914.0 20121126
1228914.0 20121127
1228914.0 20121128
1228914.0 20121129
1228914.0 20121130
1297650.0 20121203
1297650.0 20121204
1297650.0 20121205
1297650.0 20121206
1297650.0 20121207
1297650.0 20121210
1348406.0 20121211
1341041.0 20121212
1324578.0 20121213
1324578.0 20121214
1358283.0 20121217
1403054.0 20121218
1403054.0 20121219
1403054.0 20121220
1391827.0 20121221
1391827.0 20121224
1391827.0 20121225
1383352.0 20121226
1371946.0 20121227
1361188.0 20121228
1365541.0 20121231
1361278.0 20130104
1432099.0 20130107
1446099.0 20130108
1500047.0 20130109
1483908.0 20130110
1455346.0 20130111
1455346.0 20130114
1473621.0 20130115
1563128.0 20130116
1505436.0 20130117
1505436.0 20130118
1520682.0 20130121
1518874.0 20130122
1503994.0 20130123
1495057.0 20130124
1561457.0 20130125
1500057.0 20130128
1500057.0 20130129
1500057.0 20130130
1470747.0 20130131
1470747.0 20130201
1521237.0 20130204
1515917.0 20130205
1511596.0 20130206
1508844.0 20130207
1508844.0 20130208
1542189.0 20130218
1542189.0 20130219
1542189.0 20130220
1542189.0 20130221
1500714.0 20130222
1500714.0 20130225
1475114.0 20130226
1475114.0 20130227
1475114.0 20130228
1475114.0 20130301
1475114.0 20130304
1475114.0 20130305
1488729.0 20130306
1476075.0 20130307
1470090.0 20130308
1470090.0 20130311
1470090.0 20130312
1470090.0 20130313
1470090.0 20130314
1465946.0 20130315
1465946.0 20130318
1465946.0 20130319
1465946.0 20130320
1465946.0 20130321
1465946.0 20130322
1448060.0 20130325
1448060.0 20130326
1439870.0 20130327
1401614.0 20130328
1401614.0 20130329
1402295.0 20130401
1402295.0 20130402
1399865.0 20130403
1399865.0 20130408
1399865.0 20130409
1399865.0 20130410
1369329.0 20130411
1369329.0 20130412
1400641.0 20130415
1400641.0 20130416
1400641.0 20130417
1400641.0 20130418
1400641.0 20130419
1400641.0 20130422
1400641.0 20130423
1400641.0 20130424
1400641.0 20130425
1400641.0 20130426
1379935.0 20130502
1374069.0 20130503
1374069.0 20130506
1371992.0 20130507
1371992.0 20130508
1371992.0 20130509
1426678.0 20130510
1473552.0 20130513
1441527.0 20130514
1460013.0 20130515
1432125.0 20130516
1432125.0 20130517
1432125.0 20130520
1432046.0 20130521
1470482.0 20130522
1584197.0 20130523
1584197.0 20130524
1584197.0 20130527
1588237.0 20130528
1588237.0 20130529
1618757.0 20130530
1594608.0 20130531
1577850.0 20130603
1466464.0 20130604
1443199.0 20130605
1443199.0 20130606
1443199.0 20130607
1443199.0 20130613
1443199.0 20130614
1443199.0 20130617
1443199.0 20130618
1443199.0 20130619
1438298.0 20130620
1438298.0 20130621
1438298.0 20130624
1448549.0 20130625
1448549.0 20130626
1448549.0 20130627
1448549.0 20130628
1448549.0 20130701
1448549.0 20130702
1448549.0 20130703
1448549.0 20130704
1535822.0 20130705
1522094.0 20130708
1489458.0 20130709
1481466.0 20130710
1481466.0 20130711
1501835.0 20130712
1501340.0 20130715
1504528.0 20130716
1540105.0 20130717
1591345.0 20130718
1586692.0 20130719
1586692.0 20130722
1623711.0 20130723
1669990.0 20130724
1670319.0 20130725
1670319.0 20130726
1636021.0 20130729
1636021.0 20130730
1609111.0 20130731
1609111.0 20130801
1642906.0 20130802
1656058.0 20130805
1642676.0 20130806
1627992.0 20130807
1627992.0 20130808
1612370.0 20130809
1612370.0 20130812
1635658.0 20130813
1629853.0 20130814
1643723.0 20130815
1611024.0 20130816
1611024.0 20130819
1611024.0 20130820
1681431.0 20130821
1726653.0 20130822
1709812.0 20130823
1677709.0 20130826
1677709.0 20130827
1692709.0 20130828
1796031.0 20130829
1833615.0 20130830
1859541.0 20130902
1860377.0 20130903
1871015.0 20130904
1871015.0 20130905
1871015.0 20130906
1871015.0 20130909
1870328.0 20130910
2024678.0 20130911
1998476.0 20130912
1890739.0 20130913
1771599.0 20130916
1756350.0 20130917
1756350.0 20130918
1756350.0 20130923
1741305.0 20130924
1722885.0 20130925
1666045.0 20130926
1562018.0 20130927
1562018.0 20130930
1562018.0 20131008
1548978.0 20131009
1574830.0 20131010
1574672.0 20131011
1581560.0 20131014
1586252.0 20131015
1566115.0 20131016
1640720.0 20131017
1600264.0 20131018
1600264.0 20131021
1596022.0 20131022
1570065.0 20131023
1614160.0 20131024
1552336.0 20131025
1540726.0 20131028
1503878.0 20131029
1524793.0 20131030
1522315.0 20131031
1522315.0 20131101
1537258.0 20131104
1537258.0 20131105
1537258.0 20131106
1552498.0 20131107
1530028.0 20131108
1530028.0 20131111
1552100.0 20131112
1525795.0 20131113
1525795.0 20131114
1525795.0 20131115
1586011.0 20131118
1688589.0 20131119
1691789.0 20131120
1656585.0 20131121
1656585.0 20131122
1671774.0 20131125
1671774.0 20131126
1698255.0 20131127
1808249.0 20131128
1805759.0 20131129
1794950.0 20131202
1734838.0 20131203
1691926.0 20131204
1635401.0 20131205
1583457.0 20131206
1633881.0 20131209
1633881.0 20131210
1605223.0 20131211
1573807.0 20131212
1573807.0 20131213
1553655.0 20131216
1417571.0 20131217
1393277.0 20131218
1392235.0 20131219
1389923.0 20131220
1389923.0 20131223
1389923.0 20131224
1318775.0 20131225
1287896.0 20131226
1287896.0 20131227
1269592.0 20131230
1261615.0 20131231
1261615.0 20140102
1395359.0 20140103
1366179.0 20140106
1372125.0 20140107
1372125.0 20140108
1372125.0 20140109
1359742.0 20140110
1315984.0 20140113
1315984.0 20140114
1315984.0 20140115
1322032.0 20140116
1322032.0 20140117
1322032.0 20140120
1322032.0 20140121
1442467.0 20140122
1475747.0 20140123
1528372.0 20140124
1534671.0 20140127
1503091.0 20140128
1495641.0 20140129
1440161.0 20140130
1446721.0 20140207
1427443.0 20140210
1431619.0 20140211
1457439.0 20140212
1438025.0 20140213
1438637.0 20140214
1447801.0 20140217
1493683.0 20140218
1620548.0 20140219
1610608.0 20140220
1636751.0 20140221
1652330.0 20140224
1650770.0 20140225
1682755.0 20140226
1654297.0 20140227
1654297.0 20140228
1672185.0 20140303
1670385.0 20140304
1677617.0 20140305
1676427.0 20140306
1660553.0 20140307
1906479.0 20140310
1911303.0 20140311
1771743.0 20140312
1771743.0 20140313
1771743.0 20140314
1771743.0 20140317
1806207.0 20140318
1806207.0 20140319
1787966.0 20140320
1758004.0 20140321
1746412.0 20140324
1734409.0 20140325
1713663.0 20140326
1686727.0 20140327
1669302.0 20140328
1750260.0 20140331
1750260.0 20140401
1750260.0 20140402
1750260.0 20140403
1750260.0 20140404
1750260.0 20140408
1750260.0 20140409
1768738.0 20140410
1810470.0 20140411
1776887.0 20140414
1694703.0 20140415
1694703.0 20140416
1694703.0 20140417
1565201.0 20140418
1565201.0 20140421
1496151.0 20140422
1496151.0 20140423
1496151.0 20140424
1457928.0 20140425
1457928.0 20140428
1457928.0 20140429
1457928.0 20140430
1457928.0 20140505
1457928.0 20140506
1426512.0 20140507
1426512.0 20140508
1387669.0 20140509
1387669.0 20140512
1350997.0 20140513
1350997.0 20140514
1327299.0 20140515
1313831.0 20140516
1288305.0 20140519
1288305.0 20140520
1288305.0 20140521
1293315.0 20140522
1272120.0 20140523
1268268.0 20140526
1264722.0 20140527
1264722.0 20140528
1264722.0 20140529
1264722.0 20140530
1291216.0 20140603
1337158.0 20140604
1337158.0 20140605
1327901.0 20140606
1327901.0 20140609
1327901.0 20140610
1327901.0 20140611
1327901.0 20140612
1327901.0 20140613
1327901.0 20140616
1304033.0 20140617
1269017.0 20140618
1224440.0 20140619
1190540.0 20140620
1190540.0 20140623
1192288.0 20140624
1192288.0 20140625
1192288.0 20140626
1192288.0 20140627
1514703.0 20140630
1495646.0 20140701
1529728.0 20140702
1591933.0 20140703
1568483.0 20140704
1560792.0 20140707
1560792.0 20140708
1538847.0 20140709
1527270.0 20140710
1592884.0 20140711
1577886.0 20140714
1577886.0 20140715
1494747.0 20140716
1483149.0 20140717
1483149.0 20140718
1483149.0 20140721
1479273.0 20140722
1554957.0 20140723
1517069.0 20140724
1517069.0 20140725
1511129.0 20140728
1542989.0 20140729
1692662.0 20140730
1727774.0 20140731
1730505.0 20140801
1733689.0 20140804
1658972.0 20140805
1630937.0 20140806
1599659.0 20140807
1545591.0 20140808
1545591.0 20140811
1545591.0 20140812
1545591.0 20140813
1532199.0 20140814
1529883.0 20140815
1529883.0 20140818
1545381.0 20140819
1549324.0 20140820
1546484.0 20140821
1644017.0 20140822
1644017.0 20140825
1633964.0 20140826
1633964.0 20140827
1722431.0 20140828
1635730.0 20140829
1616980.0 20140901
1616980.0 20140902
1616980.0 20140903
1693639.0 20140904
1682668.0 20140905
1678881.0 20140909
1692407.0 20140910
1791951.0 20140911
1940198.0 20140912
1939077.0 20140915
1883349.0 20140916
1874840.0 20140917
1968440.0 20140918
1994816.0 20140919
1982891.0 20140922
1976411.0 20140923
1954506.0 20140924
1926158.0 20140925
1914097.0 20140926
1914097.0 20140929
1898165.0 20140930
1908335.0 20141008
1908335.0 20141009
1908335.0 20141010
1899455.0 20141013
1926248.0 20141014
1898483.0 20141015
1886945.0 20141016
1859908.0 20141017
1855237.0 20141020
1752308.0 20141021
1752308.0 20141022
1752308.0 20141023
1752308.0 20141024
1752308.0 20141027
1733408.0 20141028
1733408.0 20141029
1733408.0 20141030
1709560.0 20141031
1715780.0 20141103
1715780.0 20141104
1817409.0 20141105
1817409.0 20141106
1704884.0 20141107
1704884.0 20141110
1704884.0 20141111
1704884.0 20141112
1742434.0 20141113
1738936.0 20141114
1628048.0 20141117
1614348.0 20141118
1662072.0 20141119
1662480.0 20141120
1649222.0 20141121
1649222.0 20141124
1649222.0 20141125
1649222.0 20141126
1650377.0 20141127
1683550.0 20141128
1677190.0 20141201
1770692.0 20141202
1845658.0 20141203
1860372.0 20141204
1863241.0 20141205
1843018.0 20141208
1955367.0 20141209
1917528.0 20141210
1920300.0 20141211
1948131.0 20141212
1906364.0 20141215
1816293.0 20141216
1816293.0 20141217
1826293.0 20141218
1824892.0 20141219
1884593.0 20141222
1855260.0 20141223
1922201.0 20141224
1921471.0 20141225
1932317.0 20141226
1861096.0 20141229
1861096.0 20141230
1861096.0 20141231
1861096.0 20150105
1939892.0 20150106
1916891.0 20150107
1904711.0 20150108
1880711.0 20150109
1863100.0 20150112
1842414.0 20150113
1849489.0 20150114
1816684.0 20150115
1816684.0 20150116
1863987.0 20150119
1880902.0 20150120
1933915.0 20150121
2130368.0 20150122
2127632.0 20150123
2127632.0 20150126
2138672.0 20150127
2135812.0 20150128
2099356.0 20150129
2056208.0 20150130
2094990.0 20150130